%ER32_6_25

ER32625.Ve=5400e-9; % m3 effective volume
ER32625.le=38.2e-3; % m effective length
ER32625.Ae=141e-6; % m2 effective area
ER32625.m=16e-3; % mass kg
ER32625.MLT=62.2e-3; % mm